0 -0.02224166642388662
10 0.046549278055291125
20 2.3548823324027683
30 3.94926801387551
40 6.199832397958451
50 6.55438763258598
60 2.8057064307959845
70 2.744075391135854
80 -2.4331845324134767
90 0.45793321598321457
100 -0.6527727442378723
110 2.7134687308564214
120 3.793911024594899
130 3.125425351583935
140 1.5675693453029504
150 2.99738048861472
160 3.7428146483451417
170 9.136071018222891
180 17.527606392888003
190 21.137064505656376
200 25.054216876925658
210 27.048890027133304
220 24.90904828493911
230 25.142563693662645
240 22.635938689749253
250 22.57684968653097
260 20.22538405831478
270 14.765627422178252
280 21.831730935284007
290 26.992002048038774
300 24.84089038537337
310 21.442632697620958
320 21.385105146264294
330 17.537381065342558
340 18.35356451638611
350 18.049972491310434
360 31.29173329592973
370 34.655276842390236
380 33.34535429568699
390 33.62180582780155
400 36.71456152743434
410 39.50656579837736
420 46.16251323391433
430 47.54668958021867
440 53.587738163604804
450 58.08294917143296
460 51.873129114085955
470 53.970815458819935
480 53.60537754546998
490 53.69989521982974
500 50.3806331451295
510 49.32392525170633
520 48.04574385774661
530 42.9474023368323
540 44.35608594498922
550 48.815021351900114
560 56.07325237074747
570 63.198788912780046
580 59.60562484127132
590 52.3929456694386
600 50.812169079826404
610 51.78010668774286
620 47.09077878359538
630 50.94493851422862
640 50.184738670165025
650 53.704994290441896
660 59.10982586739284
670 59.91502169753881
680 66.27709433811587
690 65.53757307607452
700 68.53674173468951
710 61.54050321215358
720 55.60883728468772
730 52.760866914249675
740 61.158414000382905
750 59.5271276468126
760 59.588691227749536
770 60.513128097600244
780 66.09288450641361
790 59.095657900433224
800 53.133953441281584
810 60.63562444095444
820 65.02739003174406
830 68.98549359800927
840 66.845369540714
850 68.18936666421075
860 69.72224921348844
870 80.14827047302794
880 69.9382664017792
890 76.5877694260985
900 75.71810321478475
910 72.0719460478568
920 72.07194604009308
930 69.1818864838035
940 68.43018216767018
950 68.86604520855462
960 71.77069619280984
970 70.56159457801535
980 78.1661376340733
990 77.91143647875532
1000 84.3781499618016
1010 87.24213205839823
1020 92.81275336701917
1030 91.16048861660435
1040 91.49759060379881
1050 92.80099378169696
1060 88.7062921011992
1070 93.79039068980273
1080 90.17526889951124
1090 94.55017582660277
1100 93.46852846434223
1110 96.32103329071774
1120 94.89251803031433
1130 100.1509018785182
1140 95.17314673791412
1150 103.43282531903301
1160 112.08642766259591
1170 114.81665224910961
1180 116.12168307495061
1190 118.51502178552595
1200 118.05826405912688
1210 116.67657104428366
1220 121.58213224797802
1230 123.21576077157701
1240 127.96764910161204
1250 118.98255102156647
1260 116.9676889541876
1270 110.56601045922008
1280 117.89367852215744
1290 114.5103033312142
1300 117.69437884389609
1310 117.73320398011941
1320 124.65753087308298
1330 122.1334076409731
1340 119.44973174642467
1350 115.60895049531406
1360 122.14842253770848
1370 118.21363079233774
1380 116.51304854834612
1390 120.25442916574092
1400 122.30953665977236
1410 130.70906866653698
1420 138.81799863513
1430 132.14028335413013
1440 139.5173319206213
1450 138.2351145281362
1460 138.4128536873934
1470 131.62152980875447
1480 134.29790562409445
1490 134.67815106113872
1500 134.57125173667953
1510 122.20078481460803
1520 129.01089475760043
1530 129.0597106775344
1540 127.28757409995005
1550 125.71104965117424
1560 127.01565702377295
1570 129.6484658583836
1580 131.4378933920517
1590 127.18059106416098
1600 123.04820223829549
1610 120.74718018571987
1620 126.22271919754263
1630 132.47128943352553
1640 135.19147455549594
1650 138.6405242601978
1660 130.90638341640323
1670 126.81083480612969
1680 124.66872584373047
1690 113.31727964642327
1700 118.64255100341103
1710 123.90384164408204
1720 122.8666168994867
1730 129.57251819923096
1740 140.40624772413167
1750 139.62921543101507
1760 141.86163860777026
1770 136.41791572180588
1780 137.66804352800236
1790 130.44260791036933
1800 132.77962323323368
1810 134.90897584299725
1820 139.76840308528102
1830 134.74347714135217
1840 141.0025191187366
1850 136.02986302545352
1860 140.78078074071044
1870 135.59997222289326
1880 138.63796597114927
1890 144.18737531076698
1900 140.85808249421106
1910 142.23401066706236
1920 147.8053639741992
1930 155.26629985131365
1940 156.1483564819967
1950 161.4386226909588
1960 165.0129431160283
1970 181.93513427590398
1980 186.4418400769656
1990 184.08824839774053
2000 185.0156495101609
2010 182.53947779177915
2020 180.21138138797767
2030 180.35239909676125
2040 183.61354268209294
2050 181.21742959450415
2060 175.17192155935032
2070 177.02107755980677
2080 180.62164299144854
2090 181.92309240653555
2100 187.3961481567707
2110 187.57893762040652
2120 196.80553068773636
2130 197.36386768342464
2140 198.64057132132518
2150 204.82493595270157
2160 207.58164393690188
2170 203.2492584569927
2180 196.43712853181677
2190 195.7031472933511
2200 192.99178386852526
2210 184.4169522186699
2220 186.51409144845042
2230 201.27469926636883
2240 206.70315995546662
2250 208.98939698935405
2260 206.1646721660921
2270 201.1025400577775
2280 200.28210446589753
2290 197.9937063970862
2300 195.94971898598834
2310 196.58238085066063
2320 199.2937443531237
2330 196.26638093754934
2340 190.5411074255671
2350 180.2340535900277
2360 176.58889333016015
2370 173.10385025424122
2380 171.83138122640096
2390 169.4027150246804
2400 178.86383791527908
2410 185.75386535868685
2420 178.50041994529403
2430 176.12697905975529
2440 184.1406506405488
2450 190.64242679936046
2460 193.13844764641868
2470 198.5569400412845
2480 209.0276837100203
2490 212.81311218043436
2500 208.76126288870657
2510 204.31767727819664
2520 204.02077691788753
2530 201.42559773195978
2540 196.81832213297906
2550 202.06042070919315
2560 200.3841734155652
2570 195.43747604791162
2580 200.9048855737625
2590 208.49559164326706
2600 199.55518098850285
2610 192.96271586621668
2620 187.14110716637566
2630 187.63350097577586
2640 185.1041774387116
2650 187.11561181331487
2660 191.14478890299264
2670 196.73327931625158
2680 193.54156395139393
2690 183.80272794598733
2700 184.61959096625668
2710 186.97957836810303
2720 181.33361391103944
2730 188.051482223493
2740 202.92902393382107
2750 208.54658234938861
2760 215.08241061880622
2770 218.02190814427956
2780 215.78167770821625
2790 221.28446334393527
2800 213.5485049555868
2810 212.75713736601543
2820 212.3171457994235
2830 212.36323985703507
2840 204.0937778652466
2850 207.59368588390748
2860 203.65096322528115
2870 208.70105346422736
2880 210.45171324190116
2890 213.8347749055771
2900 210.69122717346738
2910 212.77341384544417
2920 209.06098632238917
2930 213.09863255455033
2940 219.87247575906002
2950 217.84974893568818
2960 216.66373433889936
2970 218.48457191292152
2980 218.74459701161396
2990 221.01813006004613
3000 226.38064756285578
3010 226.20491578265376
3020 229.6666245404358
3030 235.37703310967612
3040 232.13706265228302
3050 239.29209938031778
3060 240.84228152296592
3070 236.1584324050155
3080 231.61635041644854
3090 232.31702904254536
3100 225.31297839516333
3110 226.86739514787178
3120 227.66158588845383
3130 225.4440276544406
3140 239.82419144707103
3150 248.42518033316242
3160 248.67598663585994
3170 249.3150442231536
3180 249.58071554623027
3190 245.02518015160814
3200 249.44044741332098
3210 253.38034699857377
3220 251.32855225053055
3230 248.70505463816852
3240 240.78912978192056
3250 238.0019422587249
3260 241.04134762130485
3270 245.54165769974514
3280 244.40597169299102
3290 246.34647869537167
3300 246.6383948697462
3310 252.33393841860737
3320 247.9795426198234
3330 251.25771233809536
3340 250.30763902362492
3350 250.43943785877647
3360 245.94195093134687
3370 239.79794651813597
3380 242.1607570709931
3390 251.44972075300043
3400 250.66682238354966
3410 263.8071576446219
3420 269.4134237666953
3430 272.33589523686567
3440 273.3936836477508
3450 270.12896733553407
3460 266.17420280753936
3470 259.66320785273274
3480 249.7656661224272
3490 253.77217093241768
3500 253.3598357538104
3510 251.8549980928995
3520 253.19191123291648
3530 256.96670929301166
3540 250.5492264526904
3550 246.98910900955036
3560 240.99317998855685
3570 247.46804933525817
3580 248.59451646838028
3590 249.68560749163424
3600 255.34992192562584
3610 257.47612923535206
3620 271.7734111685417
3630 275.7281757741736
3640 278.0845905267722
3650 279.6283770244362
3660 273.9406406572459
3670 271.78968772560756
3680 273.93922912055916
3690 274.0476062554235
3700 275.404368524117
3710 277.89399372619107
3720 275.97399781329943
3730 285.49466816756484
3740 282.7478409401719
3750 285.74970908032265
3760 289.7058852226413
3770 288.3874096746141
3780 287.8170308095574
3790 287.1255710570927
3800 283.9125948715974
3810 281.8926912768735
3820 278.95319375140014
3830 278.5103791114347
3840 279.3492522953044
3850 287.4550243762592
3860 288.11891527816397
3870 282.3794387842522
3880 273.8868269553881
3890 278.8830158774146
3900 280.0194513824058
3910 288.38101395199277
3920 285.7440629335756
3930 286.93497425651157
3940 295.197378487229
3950 287.50817619494177
3960 284.6784671857452
3970 282.1768001143027
3980 289.04631639058425
3990 290.4356317734095
4000 294.8984046294207
4010 294.63837953072823
4020 296.0312674851641
4030 294.40102671172303
4040 291.6613447828257
4050 282.56505147653604
4060 282.4545133067478
4070 288.7827187202813
4080 285.834002398813
4090 295.58421823513834
4100 302.5663462563446
4110 310.5325997802645
4120 317.63871937731415
4130 307.6950835893969
4140 304.6705432471961
4150 308.75494557541845
4160 298.47413666881414
4170 295.67133462700224
4180 293.94052397800493
4190 287.2870998553653
4200 286.10108518093926
4210 281.66455717622597
4220 286.1648672546663
4230 290.5680926470107
4240 292.46193116839197
4250 299.6296718042448
4260 303.13456400884024
4270 305.5271044471812
4280 307.2990250454927
4290 301.06292013212055
4300 302.9730352105677
4310 305.8728344010508
4320 303.98472964147845
4330 307.926790261655
4340 302.23689285954094
4350 308.4318879012361
4360 312.91234885099993
4370 314.6290439778552
4380 315.66980633343735
4390 319.81018355371583
4400 318.617111195856
4410 317.24407229245946
4420 304.03505823151306
4430 301.46180182703546
4440 290.5610349635769
4450 284.4588024604926
4460 284.21231838291726
4470 286.5786138923232
4480 288.40650930505353
4490 288.12314996586144
4500 284.29727358458285
4510 283.1013781533495
4520 280.2206785933058
4530 276.2063665240072
4540 290.68926114948056
4550 294.77864766363757
4560 308.9001978942624
4570 304.8986771925692
4580 302.0966247266316
4590 300.73703938456464
4600 295.9943923011846
4610 302.1164739329454
4620 309.7085915391367
4630 312.9803655347872
4640 316.39531827414527
4650 317.82217087939966
4660 306.0216593691425
4670 304.7187108023069
4680 307.3578229332852
4690 315.6896554621138
4700 327.5340999950587
4710 335.1255556404376
4720 338.3994907486492
4730 339.6740332739887
4740 342.4456062785681
4750 341.86186154488087
4760 341.37370242317814
4770 340.4051914390808
4780 339.2468332302766
4790 329.2614255322328
4800 326.12352394687025
4810 317.20512353334357
4820 317.8470041940107
4830 316.49804918462536
4840 320.1942001506144
4850 315.57911736996283
4860 315.7321769481148
4870 310.2505644403345
4880 306.7747401604104
4890 302.1766833574245
4900 305.1346185525248
4910 301.42144145359555
4920 307.78153794281116
4930 320.3769897695247
4940 322.78298369155806
4950 327.3350338967198
4960 326.5472389563962
4970 325.93292714628905
4980 323.2747153848714
4990 324.89432590326794
5000 322.1900200842387
5010 321.60477627644013
5020 324.26872172202945
5030 326.0314233690717
5040 327.452629827579
5050 326.3636999168861
5060 324.49544420835304
5070 319.6281435106799
5080 323.8882776967415
5090 313.09513831463573
5100 319.6500662144928
5110 316.07151110172583
5120 322.2247342332944
5130 317.58905267045475
5140 311.5627317255277
5150 303.4873516461436
5160 301.33000291424673
5170 289.97795211306493
5180 300.9573661482669
5190 308.63236553626183
5200 313.0066104637223
5210 311.7808974543061
5220 300.0682517565128
5230 302.3913639743797
5240 307.1920594473151
5250 322.59097535429015
5260 333.5860038304711
5270 342.46263241150825
5280 344.59589732703114
5290 350.55146589694755
5300 343.8938071642475
5310 349.78202101118916
5320 355.2097322020498
5330 357.7623899796138
5340 358.9186746132816
5350 356.7733678283903
5360 359.00296793177193
5370 365.83702048312364
5380 363.5061010835858
5390 359.56196681063545
5400 360.9038642142242
5410 359.8659249320156
5420 357.68233127118367
5430 350.33038955737106
5440 350.51317917628126
5450 343.26537983199836
5460 339.3849402506249
5470 329.9939952340117
5480 331.4017482088267
5490 330.5572288782099
5500 338.01123938641587
5510 334.3207345671739
5520 342.27062399660315
5530 341.7718345422188
5540 342.3372292213409
5550 339.601781980141
5560 334.03662565210743
5570 331.361387913024
5580 328.18378799267117
5590 335.48756207373583
5600 353.7700881515527
5610 360.1046892877076
5620 363.0151188885095
5630 369.44605521252316
5640 365.38714823736154
5650 367.72446335952066
5660 368.2331336483496
5670 370.0489870364372
5680 373.11746040132573
5690 364.4994453822942
5700 371.3937074357623
5710 374.76896191776723
5720 379.03258113801485
5730 377.04955272727045
5740 377.7311317229278
5750 373.78982060098826
5760 363.6598226225502
5770 360.3165468312892
5780 363.0335564804993
5790 366.42010325599836
5800 363.1724130767218
5810 360.71110630108194
5820 353.96915417225443
5830 345.74080205214295
5840 343.81017588420684
5850 347.1429088802109
5860 356.8895521449256
5870 370.50102055003475
5880 377.22951911753273
5890 375.2429180575405
5900 370.39330545362
5910 361.71150828322425
5920 361.40688827866893
5930 364.59860364352653
5940 368.4903356736685
5950 370.71636312780237
5960 379.1750103834852
5970 371.64451381609706
5980 375.1883547021712
5990 371.73802585294504
6000 366.94513763931775
6010 358.51339727338245
6020 358.0486599296041
6030 355.4187665946207
6040 366.0623314327604
6050 376.37578099092116
6060 381.89202003269526
6070 385.7193078730234
6080 383.72772262709657
6090 380.4665790417649
6100 382.29447429922084
6110 389.68893742139727
6120 396.71358685096726
6130 403.95432843417916
6140 405.1148477555444
6150 399.93295860380954
6160 395.5686820482182
6170 396.080924986295
6180 396.86946958012993
6190 400.2184791331999
6200 402.9241964112787
6210 404.75632643406936
6220 410.0678532307575
6230 411.1674135517693
6240 410.08487928606047
6250 411.87448790048745
6260 411.1830280703855
6270 413.71658621751004
6280 411.185851143759
6290 410.53550118533406
6300 407.0900689069807
6310 406.33341546646494
6320 401.6021482916409
6330 402.11015654202004
6340 394.9430779446169
6350 394.41455844947427
6360 390.89338968781294
6370 398.6456246332273
6380 397.21096476866484
6390 396.6519658121641
