#Res        AtomicFlx
   1.000       1.1612
   2.000       0.7312
   3.000       0.6058
   4.000       0.5216
   5.000       0.4320
   6.000       0.3938
   7.000       0.3839
   8.000       0.4212
   9.000       0.4371
  10.000       0.4552
  11.000       0.4341
  12.000       0.4032
  13.000       0.4214
  14.000       0.4501
  15.000       0.4851
  16.000       0.4608
  17.000       0.5021
  18.000       0.5761
  19.000       0.5803
  20.000       0.5865
  21.000       0.7572
  22.000       1.0311
  23.000       0.9962
  24.000       1.1687
  25.000       1.1335
  26.000       1.0449
  27.000       0.7481
  28.000       0.6812
  29.000       0.6262
  30.000       0.5151
  31.000       0.4938
  32.000       0.4432
  33.000       0.4168
  34.000       0.4738
  35.000       0.5382
  36.000       0.6681
  37.000       0.7015
  38.000       0.6281
  39.000       0.6117
  40.000       0.4972
  41.000       0.5602
  42.000       0.6425
  43.000       0.8680
  44.000       1.0220
  45.000       0.9216
  46.000       0.9884
  47.000       0.8648
  48.000       0.8921
  49.000       1.0543
  50.000       1.0552
  51.000       0.9732
  52.000       0.7889
  53.000       0.6604
  54.000       0.5447
  55.000       0.5845
  56.000       0.7654
  57.000       0.6498
  58.000       0.9878
  59.000       0.8942
  60.000       1.1300
  61.000       1.1149
  62.000       1.0685
  63.000       1.2083
  64.000       1.4980
  65.000       1.3826
  66.000       0.9353
  67.000       0.8073
  68.000       0.7017
  69.000       0.7513
  70.000       0.8618
  71.000       0.8419
  72.000       0.8123
  73.000       0.9844
  74.000       1.1185
  75.000       1.0763
  76.000       1.1925
  77.000       1.0839
  78.000       1.2437
  79.000       1.5828
  80.000       1.7947
  81.000       1.4971
  82.000       1.2204
  83.000       1.3732
  84.000       1.4875
  85.000       1.7757
  86.000       1.6859
  87.000       1.4048
  88.000       1.6743
  89.000       1.8760
  90.000       2.1085
  91.000       3.0665
  92.000       2.8844
  93.000       2.8238
  94.000       2.4226
  95.000       2.1475
  96.000       2.2422
  97.000       1.7636
  98.000       1.3371
  99.000       1.2410
 100.000       0.9436
 101.000       0.7575
 102.000       0.6870
 103.000       0.6841
 104.000       0.7627
 105.000       0.7438
 106.000       0.8612
 107.000       0.8207
 108.000       0.8808
 109.000       0.8745
 110.000       0.8529
 111.000       0.9714
 112.000       1.0165
 113.000       1.1148
 114.000       1.0027
 115.000       0.8552
 116.000       0.9770
 117.000       1.0223
 118.000       0.8707
 119.000       0.8978
 120.000       1.0247
 121.000       0.9359
 122.000       0.8394
 123.000       0.9625
 124.000       0.9713
 125.000       0.9275
 126.000       0.9660
 127.000       1.1821
 128.000       1.2801
 129.000       1.3165
 130.000       1.8000
 131.000       2.1453
 132.000       2.2460
 133.000       3.1082
 134.000       3.4620
 135.000       3.5718
 136.000       3.5102
 137.000       3.4575
 138.000       2.5223
 139.000       2.2307
 140.000       1.8165
 141.000       1.0542
 142.000       0.6218
 143.000       0.5346
 144.000       0.6103
 145.000       0.7659
 146.000       0.7082
 147.000       0.6099
 148.000       0.7038
 149.000       0.8495
 150.000       0.8353
 151.000       0.7815
 152.000       0.9087
 153.000       1.0553
 154.000       0.9952
 155.000       0.9918
 156.000       1.1995
 157.000       1.2941
 158.000       1.2763
 159.000       1.6258
 160.000       1.7707
 161.000       1.4702
 162.000       1.3731
 163.000       1.2992
 164.000       1.2066
 165.000       1.0740
 166.000       0.9622
 167.000       0.9099
 168.000       0.8564
 169.000       0.7933
 170.000       0.7508
 171.000       0.7086
 172.000       0.7405
 173.000       0.8416
 174.000       0.7974
 175.000       0.7648
 176.000       0.7278
 177.000       0.6586
 178.000       0.5694
 179.000       0.5169
 180.000       0.5289
 181.000       0.5396
 182.000       0.5710
 183.000       0.5737
 184.000       0.5993
 185.000       0.6532
 186.000       0.6495
 187.000       0.6344
 188.000       0.6317
 189.000       0.6023
 190.000       0.5880
 191.000       0.5493
 192.000       0.5115
 193.000       0.5126
 194.000       0.6251
 195.000       0.9076
 196.000       0.8266
 197.000       0.9008
 198.000       0.9723
 199.000       0.8409
 200.000       0.6919
 201.000       0.7050
 202.000       0.9905
 203.000       1.1777
 204.000       1.4296
 205.000       1.3362
 206.000       1.1904
 207.000       1.1614
 208.000       0.9377
 209.000       1.0951
 210.000       1.1042
 211.000       1.2236
 212.000       0.9922
 213.000       0.8086
 214.000       0.6486
 215.000       0.7072
 216.000       0.8005
 217.000       0.7303
 218.000       0.6415
 219.000       0.6922
 220.000       0.7099
 221.000       0.7007
 222.000       0.7483
 223.000       0.8468
 224.000       0.8643
 225.000       0.7743
 226.000       0.8942
 227.000       1.0148
 228.000       0.9951
 229.000       0.7462
 230.000       0.6644
 231.000       0.6116
 232.000       0.5969
 233.000       0.6408
 234.000       0.5929
 235.000       0.5212
 236.000       0.4667
 237.000       0.5374
 238.000       0.5137
 239.000       0.4983
 240.000       0.5485
 241.000       0.6550
 242.000       0.9838
 243.000       1.0018
 244.000       0.9610
 245.000       0.8090
 246.000       1.0142
 247.000       1.1788
 248.000       1.6587
 249.000       1.9366
 250.000       2.4615
 251.000       2.5026
 252.000       1.8776
 253.000       1.2821
 254.000       1.0077
 255.000       0.7361
 256.000       0.7001
 257.000       0.5598
 258.000       0.5324
 259.000       0.4945
 260.000       0.5281
 261.000       0.5921
 262.000       0.7042
 263.000       0.8682
 264.000       0.8591
 265.000       0.7277
 266.000       0.6627
 267.000       0.5746
 268.000       0.5875
 269.000       0.5384
 270.000       0.5203
 271.000       0.4773
 272.000       0.4232
 273.000       0.3792
 274.000       0.3786
 275.000       0.4400
 276.000       1.0491
 277.000       0.5984
 278.000       0.5014
 279.000       0.4956
 280.000       0.5004
 281.000       0.5106
 282.000       0.5663
 283.000       0.6120
 284.000       0.5629
 285.000       0.6976
 286.000       0.7257
 287.000       0.6735
 288.000       0.5730
 289.000       0.5859
 290.000       0.6309
 291.000       0.7255
 292.000       0.7870
 293.000       0.6929
 294.000       0.7154
 295.000       0.7463
 296.000       0.7269
 297.000       0.6505
 298.000       0.6217
 299.000       0.6575
 300.000       0.6256
 301.000       0.5715
 302.000       0.6267
 303.000       0.6159
 304.000       0.5427
 305.000       0.5513
 306.000       0.5309
 307.000       0.5562
 308.000       0.5450
 309.000       0.5095
 310.000       0.4843
 311.000       0.5224
 312.000       0.5383
 313.000       0.5112
 314.000       0.5152
 315.000       0.5708
 316.000       0.6634
 317.000       0.8635
 318.000       0.9591
 319.000       0.9303
 320.000       0.8929
 321.000       0.9155
 322.000       1.1844
 323.000       1.4029
 324.000       1.3897
 325.000       1.0834
 326.000       0.8614
 327.000       0.7257
 328.000       0.5950
 329.000       0.5909
 330.000       0.5940
 331.000       0.6623
 332.000       0.6684
 333.000       0.9311
 334.000       1.0881
 335.000       0.8352
 336.000       0.8368
 337.000       0.9038
 338.000       0.8987
 339.000       1.0662
 340.000       1.0813
 341.000       0.9791
 342.000       1.0362
 343.000       1.4285
 344.000       1.3447
 345.000       1.4020
 346.000       1.6567
 347.000       1.9687
 348.000       0.9073
 349.000       0.6843
 350.000       0.6853
 351.000       0.7367
 352.000       0.6237
 353.000       0.5325
 354.000       0.5525
 355.000       0.5348
 356.000       0.5035
 357.000       0.5806
 358.000       0.6560
 359.000       0.7331
 360.000       0.9537
 361.000       1.3734
 362.000       1.5378
 363.000       1.4070
 364.000       1.1096
 365.000       0.8493
 366.000       0.6950
 367.000       0.5929
 368.000       0.5258
 369.000       0.5260
 370.000       0.6179
 371.000       0.4966
 372.000       0.4367
 373.000       0.4516
 374.000       0.5260
 375.000       0.5301
 376.000       0.5022
 377.000       0.4725
 378.000       0.5566
 379.000       0.5984
 380.000       0.5498
 381.000       0.6149
 382.000       0.6884
 383.000       0.6432
 384.000       0.6963
 385.000       0.7267
 386.000       0.7872
 387.000       0.6896
 388.000       0.5798
 389.000       0.5987
 390.000       0.6437
 391.000       0.6177
 392.000       0.5574
 393.000       0.5999
 394.000       0.6688
 395.000       0.6308
 396.000       0.5954
 397.000       0.6614
 398.000       0.7050
 399.000       0.6898
 400.000       0.7603
 401.000       0.8744
 402.000       0.9196
 403.000       1.1633
 404.000       1.2249
 405.000       1.0732
 406.000       1.2045
 407.000       0.9641
 408.000       0.7238
 409.000       0.7187
 410.000       0.6481
 411.000       0.6118
 412.000       0.5820
 413.000       0.5626
 414.000       0.5191
 415.000       0.5613
 416.000       0.5238
 417.000       0.5497
 418.000       0.5517
 419.000       0.5416
 420.000       0.5654
 421.000       0.5038
 422.000       0.4954
 423.000       0.5075
 424.000       0.5338
 425.000       0.4950
 426.000       0.4618
 427.000       0.4678
 428.000       0.5111
 429.000       0.5346
 430.000       0.5575
 431.000       0.6051
 432.000       0.8180
 433.000       0.6599
 434.000       0.6470
 435.000       0.6681
 436.000       0.6718
 437.000       0.5874
 438.000       0.5425
 439.000       0.5710
 440.000       0.5573
 441.000       0.5126
 442.000       0.4962
 443.000       0.5170
 444.000       0.5167
 445.000       0.6421
 446.000       0.9663
 447.000       1.2026
 448.000       1.0736
 449.000       0.6813
 450.000       0.4739
 451.000       0.3938
 452.000       0.3971
 453.000       0.4317
 454.000       0.4438
 455.000       0.4379
 456.000       0.4648
 457.000       0.4479
 458.000       0.4995
 459.000       0.6048
 460.000       0.6661
 461.000       0.5333
 462.000       0.5121
 463.000       0.5021
 464.000       0.4934
 465.000       0.4799
 466.000       0.5360
 467.000       0.4855
 468.000       0.4292
 469.000       0.4436
 470.000       0.4698
 471.000       0.4463
 472.000       0.4577
 473.000       0.4920
 474.000       0.4771
 475.000       0.4551
 476.000       0.4992
 477.000       0.5530
 478.000       0.5718
 479.000       0.5742
 480.000       0.6512
 481.000       0.8035
 482.000       0.9307
 483.000       0.9841
 484.000       1.2451
 485.000       1.7351
 486.000       2.0918
 487.000       2.8696
 488.000       4.2107
 489.000       5.3845
