#Res        AtomicFlx
   1.000       1.6295
   2.000       0.9843
   3.000       0.6957
   4.000       0.5701
   5.000       0.4376
   6.000       0.4204
   7.000       0.4073
   8.000       0.4498
   9.000       0.5041
  10.000       0.4768
  11.000       0.4629
  12.000       0.4148
  13.000       0.4396
  14.000       0.4851
  15.000       0.5125
  16.000       0.4836
  17.000       0.5385
  18.000       0.6375
  19.000       0.6343
  20.000       0.6717
  21.000       0.8386
  22.000       1.1539
  23.000       1.0972
  24.000       1.3073
  25.000       1.3332
  26.000       1.1924
  27.000       0.8145
  28.000       0.7276
  29.000       0.6829
  30.000       0.5770
  31.000       0.5294
  32.000       0.4624
  33.000       0.4441
  34.000       0.4830
  35.000       0.5549
  36.000       0.6880
  37.000       0.7300
  38.000       0.6753
  39.000       0.6645
  40.000       0.5914
  41.000       0.4738
  42.000       0.5778
  43.000       0.6879
  44.000       0.8135
  45.000       0.8399
  46.000       1.1488
  47.000       1.0120
  48.000       1.1623
  49.000       1.3606
  50.000       1.2209
  51.000       1.0770
  52.000       0.7400
  53.000       0.6153
  54.000       0.5119
  55.000       0.5156
  56.000       0.5046
  57.000       0.6341
  58.000       0.7331
  59.000       0.6938
  60.000       0.7141
  61.000       0.7258
  62.000       0.7680
  63.000       0.8599
  64.000       1.0381
  65.000       1.0899
  66.000       0.8937
  67.000       0.9417
  68.000       0.7590
  69.000       0.7800
  70.000       0.9460
  71.000       0.9374
  72.000       0.8733
  73.000       1.0268
  74.000       1.1462
  75.000       1.0616
  76.000       1.0953
  77.000       0.9701
  78.000       1.0366
  79.000       1.2020
  80.000       1.3699
  81.000       1.2898
  82.000       1.0936
  83.000       1.2140
  84.000       1.3055
  85.000       1.4008
  86.000       1.5141
  87.000       1.2017
  88.000       1.0849
  89.000       1.2406
  90.000       1.1384
  91.000       1.2868
  92.000       1.6635
  93.000       1.8965
  94.000       1.6042
  95.000       1.5030
  96.000       1.1152
  97.000       0.8735
  98.000       0.7756
  99.000       0.7930
 100.000       0.7509
 101.000       0.6618
 102.000       0.6068
 103.000       0.6170
 104.000       0.6925
 105.000       0.6661
 106.000       0.7865
 107.000       0.7667
 108.000       0.8326
 109.000       0.8191
 110.000       0.7553
 111.000       0.9116
 112.000       0.9981
 113.000       1.0739
 114.000       0.9436
 115.000       0.8395
 116.000       0.9711
 117.000       0.9840
 118.000       0.8595
 119.000       0.8566
 120.000       0.9030
 121.000       0.8620
 122.000       0.8789
 123.000       0.9595
 124.000       0.8916
 125.000       0.8781
 126.000       0.9456
 127.000       1.1182
 128.000       1.1668
 129.000       1.1035
 130.000       1.2337
 131.000       1.3019
 132.000       1.1052
 133.000       1.2120
 134.000       1.8566
 135.000       1.8672
 136.000       2.1742
 137.000       2.4673
 138.000       2.0181
 139.000       1.9613
 140.000       2.1840
 141.000       1.2304
 142.000       0.6782
 143.000       0.5633
 144.000       0.5852
 145.000       0.6973
 146.000       0.7072
 147.000       0.6673
 148.000       0.7293
 149.000       0.7796
 150.000       0.7320
 151.000       0.6998
 152.000       0.8128
 153.000       0.9287
 154.000       0.9075
 155.000       0.9482
 156.000       1.1562
 157.000       1.2068
 158.000       1.2021
 159.000       1.6923
 160.000       1.7904
 161.000       1.4529
 162.000       1.3332
 163.000       1.2353
 164.000       1.1398
 165.000       1.0148
 166.000       0.8562
 167.000       0.7987
 168.000       0.7693
 169.000       0.6835
 170.000       0.6033
 171.000       0.5788
 172.000       0.6100
 173.000       0.6576
 174.000       0.6120
 175.000       0.5556
 176.000       0.5968
 177.000       0.6749
 178.000       0.5245
 179.000       0.4745
 180.000       0.5816
 181.000       0.6105
 182.000       0.5873
 183.000       0.6711
 184.000       1.1264
 185.000       1.0521
 186.000       0.5946
 187.000       0.5347
 188.000       0.5016
 189.000       0.5777
 190.000       0.5298
 191.000       0.5442
 192.000       0.5422
 193.000       0.5724
 194.000       0.7554
 195.000       0.9363
 196.000       0.7242
 197.000       0.8549
 198.000       0.9195
 199.000       0.8218
 200.000       0.6671
 201.000       0.6166
 202.000       0.8183
 203.000       0.8608
 204.000       0.8451
 205.000       0.8229
 206.000       0.8175
 207.000       0.8283
 208.000       0.8836
 209.000       1.0665
 210.000       1.2568
 211.000       1.6613
 212.000       1.8985
 213.000       1.4677
 214.000       0.7946
 215.000       0.9375
 216.000       0.8360
 217.000       0.7249
 218.000       0.8855
 219.000       0.8473
 220.000       0.7593
 221.000       0.7946
 222.000       0.8543
 223.000       0.9019
 224.000       0.9238
 225.000       0.8328
 226.000       0.9119
 227.000       1.0416
 228.000       0.9944
 229.000       0.7450
 230.000       0.6539
 231.000       0.5987
 232.000       0.6073
 233.000       0.6767
 234.000       0.7005
 235.000       0.5403
 236.000       0.4659
 237.000       0.5376
 238.000       0.5054
 239.000       0.4952
 240.000       0.5537
 241.000       0.6390
 242.000       0.8752
 243.000       1.0118
 244.000       0.9932
 245.000       0.8443
 246.000       1.0453
 247.000       1.2085
 248.000       1.7911
 249.000       2.0801
 250.000       2.7539
 251.000       2.7613
 252.000       1.8877
 253.000       1.4040
 254.000       1.0550
 255.000       0.7682
 256.000       0.7238
 257.000       0.6126
 258.000       0.5793
 259.000       0.4871
 260.000       0.5168
 261.000       0.5852
 262.000       0.7119
 263.000       0.9102
 264.000       0.8963
 265.000       0.7604
 266.000       0.6786
 267.000       0.5676
 268.000       0.5979
 269.000       0.5592
 270.000       0.5671
 271.000       0.4844
 272.000       0.4169
 273.000       0.3681
 274.000       0.3621
 275.000       0.3885
 276.000       0.5596
 277.000       0.4597
 278.000       0.4262
 279.000       0.4785
 280.000       0.4915
 281.000       0.4877
 282.000       0.5664
 283.000       0.6206
 284.000       0.5479
 285.000       0.6092
 286.000       0.6793
 287.000       0.6518
 288.000       0.5468
 289.000       0.5809
 290.000       0.6288
 291.000       0.7227
 292.000       0.7496
 293.000       0.6539
 294.000       0.7042
 295.000       0.7373
 296.000       0.7096
 297.000       0.6288
 298.000       0.6030
 299.000       0.6526
 300.000       0.6069
 301.000       0.5506
 302.000       0.6126
 303.000       0.5830
 304.000       0.4968
 305.000       0.5233
 306.000       0.5276
 307.000       0.5158
 308.000       0.4904
 309.000       0.4762
 310.000       0.4342
 311.000       0.4683
 312.000       0.4586
 313.000       0.4898
 314.000       0.5395
 315.000       0.6999
 316.000       1.0187
 317.000       1.4724
 318.000       1.6142
 319.000       1.3734
 320.000       1.3336
 321.000       1.1520
 322.000       1.1656
 323.000       1.1851
 324.000       1.1244
 325.000       0.8373
 326.000       0.6967
 327.000       0.6781
 328.000       0.6029
 329.000       0.5350
 330.000       0.4938
 331.000       0.5435
 332.000       0.5942
 333.000       0.8039
 334.000       0.9379
 335.000       0.7207
 336.000       0.6637
 337.000       0.7204
 338.000       0.7583
 339.000       1.0017
 340.000       1.3932
 341.000       1.5473
 342.000       1.4683
 343.000       1.3863
 344.000       1.1883
 345.000       1.1677
 346.000       1.0870
 347.000       1.3082
 348.000       0.8289
 349.000       0.6648
 350.000       0.6446
 351.000       0.6836
 352.000       0.5857
 353.000       0.4678
 354.000       0.4510
 355.000       0.5266
 356.000       0.5275
 357.000       0.5808
 358.000       0.6198
 359.000       0.7973
 360.000       1.3625
 361.000       2.0046
 362.000       2.9930
 363.000       3.3079
 364.000       2.8730
 365.000       2.0904
 366.000       1.0643
 367.000       0.6840
 368.000       0.5630
 369.000       0.5253
 370.000       0.4933
 371.000       0.4498
 372.000       0.4478
 373.000       0.4510
 374.000       0.4717
 375.000       0.5152
 376.000       0.4734
 377.000       0.4483
 378.000       0.5344
 379.000       0.5871
 380.000       0.5312
 381.000       0.6373
 382.000       0.7413
 383.000       0.6568
 384.000       0.7327
 385.000       0.8212
 386.000       0.8868
 387.000       0.7602
 388.000       0.6704
 389.000       0.7177
 390.000       0.7339
 391.000       0.6638
 392.000       0.6360
 393.000       0.6973
 394.000       0.6996
 395.000       0.6241
 396.000       0.6125
 397.000       0.6856
 398.000       0.6791
 399.000       0.6448
 400.000       0.7404
 401.000       0.8413
 402.000       0.8940
 403.000       1.0603
 404.000       1.1808
 405.000       1.1077
 406.000       1.2881
 407.000       1.1736
 408.000       0.9354
 409.000       0.8882
 410.000       0.7905
 411.000       0.7205
 412.000       0.6362
 413.000       0.6047
 414.000       0.5132
 415.000       0.5877
 416.000       0.5234
 417.000       0.5411
 418.000       0.5574
 419.000       0.5489
 420.000       0.5784
 421.000       0.5211
 422.000       0.5095
 423.000       0.5126
 424.000       0.5152
 425.000       0.4674
 426.000       0.4550
 427.000       0.4760
 428.000       0.5288
 429.000       0.5747
 430.000       0.6419
 431.000       0.6822
 432.000       0.7559
 433.000       0.6456
 434.000       0.5968
 435.000       0.5872
 436.000       0.5647
 437.000       0.5110
 438.000       0.4793
 439.000       0.4888
 440.000       0.4948
 441.000       0.4931
 442.000       0.4907
 443.000       0.4858
 444.000       0.4728
 445.000       0.5524
 446.000       0.7117
 447.000       0.7649
 448.000       0.5927
 449.000       0.5017
 450.000       0.4220
 451.000       0.3740
 452.000       0.3575
 453.000       0.3819
 454.000       0.4583
 455.000       0.4805
 456.000       0.4634
 457.000       0.4331
 458.000       0.4715
 459.000       0.5142
 460.000       0.6070
 461.000       0.5062
 462.000       0.5026
 463.000       0.4956
 464.000       0.4703
 465.000       0.4833
 466.000       0.5225
 467.000       0.4962
 468.000       0.4537
 469.000       0.4614
 470.000       0.4778
 471.000       0.4360
 472.000       0.4559
 473.000       0.4962
 474.000       0.4677
 475.000       0.4524
 476.000       0.5198
 477.000       0.5629
 478.000       0.5411
 479.000       0.5820
 480.000       0.7290
 481.000       0.8557
 482.000       0.9105
 483.000       1.0103
 484.000       1.1861
 485.000       1.6158
 486.000       3.0667
 487.000       4.0264
 488.000       4.7940
 489.000       6.2114
