#Res        AtomicFlx
   1.000       1.8995
   2.000       1.4297
   3.000       1.0275
   4.000       0.8490
   5.000       0.6945
   6.000       0.6334
   7.000       0.6007
   8.000       0.5851
   9.000       0.6028
  10.000       0.6329
  11.000       0.6579
  12.000       0.6549
  13.000       0.5419
  14.000       0.6131
  15.000       0.7646
  16.000       0.7545
  17.000       0.6731
  18.000       0.7844
  19.000       0.9290
  20.000       0.9187
  21.000       0.9207
  22.000       1.0627
  23.000       1.1900
  24.000       1.2809
  25.000       1.4328
  26.000       1.2277
  27.000       1.3293
  28.000       1.0000
  29.000       0.8198
  30.000       0.7322
  31.000       0.7314
  32.000       0.7024
  33.000       0.6996
  34.000       0.7636
  35.000       0.8309
  36.000       0.8793
  37.000       0.7674
  38.000       0.6876
  39.000       0.6000
  40.000       0.5386
  41.000       0.5089
  42.000       0.5251
  43.000       0.5216
  44.000       0.5448
  45.000       0.5616
  46.000       0.6529
  47.000       0.6896
  48.000       0.8884
  49.000       1.1332
  50.000       0.7469
  51.000       0.6323
  52.000       0.5476
  53.000       0.5345
  54.000       0.5788
  55.000       0.6520
  56.000       0.6471
  57.000       0.6770
  58.000       0.6912
  59.000       0.7646
  60.000       1.0135
  61.000       1.4720
  62.000       1.6405
  63.000       2.2505
  64.000       2.5206
  65.000       2.0475
  66.000       2.0413
  67.000       1.6397
  68.000       1.3416
  69.000       1.4932
  70.000       1.5707
  71.000       1.3009
  72.000       1.2207
  73.000       1.4466
  74.000       1.4905
  75.000       1.3378
  76.000       1.1099
  77.000       0.9909
  78.000       1.2683
  79.000       1.7803
  80.000       2.5448
  81.000       3.6909
  82.000       3.8759
  83.000       3.4549
  84.000       2.9874
  85.000       2.6196
  86.000       3.2709
  87.000       3.6159
  88.000       4.0860
  89.000       4.3259
  90.000       4.1125
  91.000       3.6509
  92.000       3.8838
  93.000       3.6056
  94.000       2.5796
  95.000       2.5506
  96.000       2.0499
  97.000       1.1418
  98.000       0.8516
  99.000       0.7497
 100.000       0.6453
 101.000       0.5780
 102.000       0.5845
 103.000       0.6842
 104.000       0.8061
 105.000       0.9585
 106.000       0.8935
 107.000       0.8756
 108.000       0.8659
 109.000       0.8196
 110.000       0.9602
 111.000       0.9416
 112.000       0.9441
 113.000       0.7932
 114.000       0.6883
 115.000       0.7399
 116.000       0.7445
 117.000       0.6433
 118.000       0.6625
 119.000       0.7882
 120.000       0.7613
 121.000       0.7318
 122.000       0.8779
 123.000       0.9872
 124.000       0.9648
 125.000       0.9762
 126.000       1.1829
 127.000       1.2738
 128.000       1.2207
 129.000       1.3315
 130.000       1.5909
 131.000       1.6821
 132.000       1.7027
 133.000       1.8825
 134.000       2.1567
 135.000       1.9877
 136.000       1.8961
 137.000       2.0875
 138.000       2.2856
 139.000       1.7923
 140.000       1.6487
 141.000       1.7690
 142.000       1.6785
 143.000       1.4122
 144.000       1.4906
 145.000       1.4498
 146.000       1.1083
 147.000       1.0037
 148.000       1.0562
 149.000       1.0851
 150.000       0.9651
 151.000       0.9567
 152.000       1.0852
 153.000       1.0719
 154.000       0.8761
 155.000       0.9354
 156.000       1.1063
 157.000       1.0164
 158.000       0.9150
 159.000       1.1770
 160.000       1.3512
 161.000       1.2624
 162.000       1.5261
 163.000       1.4260
 164.000       1.1915
 165.000       1.2098
 166.000       1.1853
 167.000       1.0839
 168.000       0.9325
 169.000       0.8551
 170.000       0.8350
 171.000       0.7179
 172.000       0.6161
 173.000       0.6247
 174.000       0.5618
 175.000       0.4993
 176.000       0.5266
 177.000       0.5656
 178.000       0.4938
 179.000       0.5057
 180.000       0.5106
 181.000       0.4860
 182.000       0.5038
 183.000       0.5436
 184.000       0.6060
 185.000       0.8020
 186.000       1.1091
 187.000       1.9836
 188.000       1.8823
 189.000       1.6367
 190.000       1.3373
 191.000       1.2161
 192.000       1.1757
 193.000       1.2821
 194.000       1.3262
 195.000       1.0795
 196.000       0.9108
 197.000       0.7472
 198.000       0.7763
 199.000       1.0253
 200.000       1.0362
 201.000       0.8434
 202.000       0.8704
 203.000       0.9068
 204.000       1.0669
 205.000       2.0088
 206.000       2.5677
 207.000       3.0562
 208.000       2.7824
 209.000       2.1424
 210.000       1.0161
 211.000       0.7047
 212.000       0.7679
 213.000       0.7959
 214.000       0.8329
 215.000       0.8840
 216.000       0.8593
 217.000       0.9885
 218.000       1.1226
 219.000       1.2031
 220.000       1.1149
 221.000       0.8190
 222.000       0.8211
 223.000       0.9216
 224.000       0.9789
 225.000       0.9310
 226.000       1.0934
 227.000       1.4096
 228.000       1.2398
 229.000       1.3563
 230.000       1.5358
 231.000       1.3543
 232.000       1.0133
 233.000       0.9549
 234.000       0.9143
 235.000       0.9328
 236.000       1.0084
 237.000       0.9592
 238.000       0.8581
 239.000       0.7895
 240.000       0.8619
 241.000       0.7687
 242.000       0.6893
 243.000       0.6972
 244.000       0.7155
 245.000       0.8908
 246.000       1.1767
 247.000       1.6977
 248.000       2.8085
 249.000       4.1803
 250.000       4.4669
 251.000       3.8089
 252.000       2.8131
 253.000       1.5297
 254.000       1.1639
 255.000       0.6967
 256.000       0.7018
 257.000       0.7084
 258.000       0.8225
 259.000       0.9514
 260.000       1.1334
 261.000       1.3855
 262.000       1.3897
 263.000       1.1584
 264.000       1.0647
 265.000       0.9448
 266.000       0.9605
 267.000       0.7979
 268.000       0.8505
 269.000       0.6119
 270.000       0.4870
 271.000       0.4706
 272.000       0.4838
 273.000       0.5096
 274.000       0.6572
 275.000       0.7422
 276.000       0.6354
 277.000       0.6784
 278.000       0.7022
 279.000       0.6990
 280.000       0.7795
 281.000       0.9311
 282.000       0.8277
 283.000       0.7958
 284.000       1.0712
 285.000       0.9570
 286.000       0.8436
 287.000       0.8260
 288.000       0.8417
 289.000       0.9514
 290.000       1.0962
 291.000       0.9838
 292.000       1.0241
 293.000       1.1110
 294.000       1.0546
 295.000       0.8171
 296.000       0.8169
 297.000       0.8757
 298.000       0.7751
 299.000       0.7422
 300.000       0.8663
 301.000       0.8265
 302.000       0.7240
 303.000       0.7297
 304.000       0.6985
 305.000       0.7666
 306.000       0.7809
 307.000       0.5273
 308.000       0.4594
 309.000       0.5072
 310.000       0.5170
 311.000       0.4899
 312.000       0.4902
 313.000       0.5125
 314.000       0.6096
 315.000       0.7903
 316.000       0.8741
 317.000       0.8332
 318.000       0.7401
 319.000       0.7628
 320.000       0.9383
 321.000       1.1892
 322.000       1.0541
 323.000       0.7798
 324.000       0.7191
 325.000       0.6415
 326.000       0.5840
 327.000       0.5173
 328.000       0.4943
 329.000       0.5252
 330.000       0.5476
 331.000       0.6560
 332.000       0.8043
 333.000       0.7747
 334.000       0.8815
 335.000       1.0252
 336.000       0.9631
 337.000       1.0135
 338.000       0.8249
 339.000       0.8424
 340.000       0.7038
 341.000       0.7230
 342.000       0.8517
 343.000       0.8624
 344.000       0.8647
 345.000       0.6753
 346.000       0.5924
 347.000       0.5308
 348.000       0.4764
 349.000       0.4550
 350.000       0.4424
 351.000       0.4366
 352.000       0.5181
 353.000       0.5127
 354.000       0.5383
 355.000       0.5815
 356.000       0.6926
 357.000       1.0967
 358.000       1.2679
 359.000       1.2343
 360.000       1.2223
 361.000       0.9710
 362.000       0.7423
 363.000       0.6843
 364.000       0.5842
 365.000       0.5501
 366.000       0.5229
 367.000       0.5370
 368.000       0.5079
 369.000       0.4661
 370.000       0.4537
 371.000       0.5264
 372.000       0.6223
 373.000       0.6527
 374.000       0.5478
 375.000       0.5294
 376.000       0.6102
 377.000       0.6124
 378.000       0.6031
 379.000       0.6687
 380.000       0.7294
 381.000       0.6793
 382.000       0.7139
 383.000       0.7173
 384.000       0.7641
 385.000       0.6924
 386.000       0.6090
 387.000       0.6171
 388.000       0.6134
 389.000       0.5830
 390.000       0.5651
 391.000       0.5827
 392.000       0.6225
 393.000       0.6157
 394.000       0.6184
 395.000       0.6749
 396.000       0.6995
 397.000       0.6586
 398.000       0.7700
 399.000       0.8754
 400.000       0.8898
 401.000       0.9392
 402.000       0.9542
 403.000       0.8097
 404.000       0.8450
 405.000       0.7318
 406.000       0.6278
 407.000       0.6420
 408.000       0.5854
 409.000       0.5687
 410.000       0.5265
 411.000       0.5341
 412.000       0.5247
 413.000       0.5378
 414.000       0.5494
 415.000       0.6187
 416.000       0.6779
 417.000       0.6180
 418.000       0.7117
 419.000       0.6391
 420.000       0.5891
 421.000       0.6119
 422.000       0.6253
 423.000       0.5886
 424.000       0.5697
 425.000       0.5751
 426.000       0.6632
 427.000       0.7972
 428.000       1.0047
 429.000       1.2135
 430.000       1.1801
 431.000       0.9348
 432.000       0.9113
 433.000       0.9140
 434.000       0.9203
 435.000       0.7744
 436.000       0.7168
 437.000       0.7820
 438.000       0.7379
 439.000       0.6329
 440.000       0.6026
 441.000       0.6183
 442.000       0.5850
 443.000       0.6246
 444.000       0.7717
 445.000       0.8100
 446.000       0.6592
 447.000       0.5660
 448.000       0.4705
 449.000       0.4373
 450.000       0.4477
 451.000       0.4586
 452.000       0.4797
 453.000       0.5080
 454.000       0.5501
 455.000       0.5517
 456.000       0.7110
 457.000       0.9166
 458.000       1.0845
 459.000       0.7638
 460.000       0.7283
 461.000       0.6645
 462.000       0.5828
 463.000       0.5740
 464.000       0.7042
 465.000       0.6618
 466.000       0.5355
 467.000       0.6474
 468.000       0.6907
 469.000       0.5722
 470.000       0.5990
 471.000       0.7063
 472.000       0.6743
 473.000       0.6035
 474.000       0.6873
 475.000       0.8037
 476.000       0.7741
 477.000       0.7463
 478.000       0.8837
 479.000       1.0070
 480.000       1.0621
 481.000       1.1958
 482.000       1.3890
 483.000       1.6251
 484.000       1.9383
 485.000       3.3565
 486.000       5.6057
 487.000       7.6745
 488.000       9.7313
