#Res        AtomicFlx
   1.000       1.3354
   2.000       1.0184
   3.000       0.8132
   4.000       0.6870
   5.000       0.5705
   6.000       0.5051
   7.000       0.4598
   8.000       0.4564
   9.000       0.5081
  10.000       0.5266
  11.000       0.5708
  12.000       0.5335
  13.000       0.4881
  14.000       0.4946
  15.000       0.5192
  16.000       0.5333
  17.000       0.5158
  18.000       0.5529
  19.000       0.6363
  20.000       0.6518
  21.000       0.6440
  22.000       0.7568
  23.000       0.8774
  24.000       0.9094
  25.000       0.9961
  26.000       0.9330
  27.000       0.9735
  28.000       0.7949
  29.000       0.6577
  30.000       0.5666
  31.000       0.5280
  32.000       0.5297
  33.000       0.5535
  34.000       0.6245
  35.000       0.7042
  36.000       0.8733
  37.000       0.8842
  38.000       0.9643
  39.000       1.1501
  40.000       0.9941
  41.000       0.8750
  42.000       0.8942
  43.000       0.9341
  44.000       1.0507
  45.000       0.9951
  46.000       1.0067
  47.000       0.9256
  48.000       1.0506
  49.000       1.1512
  50.000       0.9733
  51.000       1.0304
  52.000       0.8981
  53.000       0.8041
  54.000       0.6513
  55.000       0.6533
  56.000       0.8182
  57.000       0.9519
  58.000       0.6911
  59.000       0.6808
  60.000       0.7741
  61.000       0.8628
  62.000       0.9364
  63.000       1.1072
  64.000       1.0624
  65.000       0.8476
  66.000       0.8406
  67.000       0.7255
  68.000       0.7336
  69.000       0.8963
  70.000       0.8677
  71.000       0.8482
  72.000       0.9985
  73.000       1.1363
  74.000       1.1203
  75.000       1.1346
  76.000       1.0032
  77.000       0.9584
  78.000       1.1121
  79.000       1.2825
  80.000       1.3881
  81.000       1.8650
  82.000       2.4002
  83.000       2.8327
  84.000       2.1058
  85.000       1.8093
  86.000       2.7060
  87.000       3.2517
  88.000       2.5045
  89.000       1.6943
  90.000       1.2964
  91.000       0.9507
  92.000       0.9509
  93.000       1.1417
  94.000       1.1629
  95.000       0.8635
  96.000       0.9330
  97.000       0.8220
  98.000       0.7205
  99.000       0.6186
 100.000       0.5511
 101.000       0.4891
 102.000       0.4997
 103.000       0.5792
 104.000       0.6913
 105.000       0.8429
 106.000       0.7929
 107.000       0.7771
 108.000       0.7388
 109.000       0.7217
 110.000       0.8473
 111.000       0.7995
 112.000       0.7313
 113.000       0.6583
 114.000       0.5985
 115.000       0.6017
 116.000       0.6107
 117.000       0.5476
 118.000       0.5285
 119.000       0.5784
 120.000       0.5694
 121.000       0.5375
 122.000       0.5905
 123.000       0.6548
 124.000       0.6279
 125.000       0.6065
 126.000       0.7110
 127.000       0.7900
 128.000       0.7666
 129.000       0.7928
 130.000       0.9590
 131.000       1.0189
 132.000       0.9787
 133.000       1.0952
 134.000       1.2421
 135.000       1.2711
 136.000       1.1798
 137.000       1.3416
 138.000       1.4443
 139.000       1.3013
 140.000       1.2499
 141.000       1.0191
 142.000       0.8929
 143.000       0.9397
 144.000       1.1466
 145.000       1.0476
 146.000       0.9162
 147.000       0.8077
 148.000       0.8410
 149.000       0.7890
 150.000       0.6769
 151.000       0.6604
 152.000       0.7843
 153.000       0.7326
 154.000       0.6164
 155.000       0.6375
 156.000       0.7457
 157.000       0.7120
 158.000       0.6921
 159.000       0.8553
 160.000       0.9735
 161.000       0.9478
 162.000       1.1905
 163.000       1.1623
 164.000       0.9862
 165.000       1.0220
 166.000       0.9995
 167.000       0.9432
 168.000       0.8432
 169.000       0.7762
 170.000       0.7530
 171.000       0.6494
 172.000       0.5797
 173.000       0.5871
 174.000       0.5208
 175.000       0.4489
 176.000       0.4535
 177.000       0.4885
 178.000       0.4314
 179.000       0.4219
 180.000       0.4457
 181.000       0.4581
 182.000       0.4857
 183.000       0.5051
 184.000       0.5867
 185.000       0.7614
 186.000       0.8319
 187.000       1.0620
 188.000       1.1362
 189.000       1.1485
 190.000       1.1188
 191.000       0.9123
 192.000       0.6915
 193.000       0.7326
 194.000       0.7298
 195.000       0.5925
 196.000       0.5387
 197.000       0.5528
 198.000       0.7278
 199.000       0.9447
 200.000       0.9715
 201.000       0.8353
 202.000       0.7522
 203.000       0.5825
 204.000       0.5561
 205.000       0.5970
 206.000       0.6474
 207.000       0.7703
 208.000       0.8366
 209.000       0.8100
 210.000       0.7651
 211.000       0.9650
 212.000       0.9316
 213.000       0.8901
 214.000       1.0698
 215.000       0.9886
 216.000       0.9178
 217.000       0.8029
 218.000       0.8154
 219.000       0.8731
 220.000       0.7880
 221.000       0.7506
 222.000       0.8440
 223.000       0.8226
 224.000       0.7507
 225.000       0.8089
 226.000       1.0174
 227.000       1.4635
 228.000       1.0574
 229.000       1.1124
 230.000       1.2847
 231.000       1.1396
 232.000       0.8098
 233.000       0.7198
 234.000       0.6716
 235.000       0.7146
 236.000       0.7678
 237.000       0.7484
 238.000       0.7017
 239.000       0.6469
 240.000       0.6850
 241.000       0.6408
 242.000       0.6100
 243.000       0.6711
 244.000       0.7484
 245.000       0.8706
 246.000       1.1200
 247.000       1.6842
 248.000       2.5200
 249.000       3.3302
 250.000       2.7935
 251.000       2.5267
 252.000       2.1646
 253.000       1.5800
 254.000       1.1125
 255.000       0.7570
 256.000       0.6766
 257.000       0.6287
 258.000       0.6684
 259.000       0.7614
 260.000       0.9862
 261.000       1.3317
 262.000       1.4226
 263.000       1.0487
 264.000       0.9010
 265.000       0.7454
 266.000       0.8392
 267.000       0.6899
 268.000       0.6490
 269.000       0.5556
 270.000       0.4907
 271.000       0.4694
 272.000       0.4833
 273.000       0.5594
 274.000       0.7667
 275.000       0.7683
 276.000       0.6390
 277.000       0.6441
 278.000       0.6606
 279.000       0.6708
 280.000       0.7353
 281.000       0.8263
 282.000       0.7693
 283.000       0.7871
 284.000       0.8596
 285.000       0.8111
 286.000       0.6806
 287.000       0.7022
 288.000       0.7386
 289.000       0.8119
 290.000       0.8602
 291.000       0.7968
 292.000       0.8425
 293.000       0.9686
 294.000       0.9931
 295.000       0.7929
 296.000       0.7625
 297.000       0.8348
 298.000       0.7653
 299.000       0.7403
 300.000       0.8422
 301.000       0.7909
 302.000       0.7095
 303.000       0.7699
 304.000       0.6716
 305.000       0.6212
 306.000       0.6294
 307.000       0.5019
 308.000       0.4679
 309.000       0.4953
 310.000       0.4911
 311.000       0.4857
 312.000       0.5028
 313.000       0.5506
 314.000       0.6492
 315.000       0.7991
 316.000       0.8349
 317.000       0.7935
 318.000       0.7343
 319.000       0.7849
 320.000       1.0329
 321.000       1.1808
 322.000       0.9831
 323.000       0.7394
 324.000       0.6030
 325.000       0.5181
 326.000       0.4907
 327.000       0.4534
 328.000       0.4420
 329.000       0.4976
 330.000       0.5231
 331.000       0.6153
 332.000       0.7239
 333.000       0.6453
 334.000       0.7416
 335.000       0.8948
 336.000       0.8351
 337.000       0.7977
 338.000       0.7860
 339.000       0.8430
 340.000       0.7061
 341.000       0.7270
 342.000       0.8511
 343.000       0.8753
 344.000       0.8717
 345.000       0.6834
 346.000       0.6042
 347.000       0.5402
 348.000       0.4762
 349.000       0.4365
 350.000       0.4470
 351.000       0.4482
 352.000       0.5003
 353.000       0.4757
 354.000       0.4988
 355.000       0.5661
 356.000       0.6781
 357.000       0.8085
 358.000       0.8791
 359.000       0.9213
 360.000       1.0546
 361.000       0.9843
 362.000       0.8496
 363.000       0.7690
 364.000       0.6349
 365.000       0.5670
 366.000       0.5083
 367.000       0.4928
 368.000       0.5269
 369.000       0.4845
 370.000       0.4796
 371.000       0.5115
 372.000       0.5813
 373.000       0.6339
 374.000       0.5486
 375.000       0.5400
 376.000       0.6474
 377.000       0.6277
 378.000       0.5999
 379.000       0.6731
 380.000       0.7177
 381.000       0.6702
 382.000       0.6934
 383.000       0.6801
 384.000       0.7322
 385.000       0.6751
 386.000       0.5993
 387.000       0.5947
 388.000       0.5891
 389.000       0.5719
 390.000       0.5611
 391.000       0.5686
 392.000       0.5867
 393.000       0.5591
 394.000       0.5495
 395.000       0.6001
 396.000       0.6038
 397.000       0.5530
 398.000       0.6541
 399.000       0.7580
 400.000       0.8156
 401.000       0.8783
 402.000       0.9056
 403.000       0.7645
 404.000       0.7634
 405.000       0.6608
 406.000       0.6010
 407.000       0.6419
 408.000       0.6128
 409.000       0.5999
 410.000       0.5654
 411.000       0.5274
 412.000       0.5304
 413.000       0.5730
 414.000       0.5521
 415.000       0.5938
 416.000       0.6458
 417.000       0.6150
 418.000       0.7193
 419.000       0.6799
 420.000       0.5900
 421.000       0.5962
 422.000       0.6064
 423.000       0.5760
 424.000       0.5324
 425.000       0.5397
 426.000       0.6893
 427.000       0.7941
 428.000       0.9131
 429.000       0.9715
 430.000       1.0879
 431.000       0.9534
 432.000       0.8949
 433.000       0.7971
 434.000       0.7714
 435.000       0.7189
 436.000       0.6523
 437.000       0.7254
 438.000       0.7570
 439.000       0.6550
 440.000       0.6015
 441.000       0.6267
 442.000       0.6014
 443.000       0.6605
 444.000       0.7997
 445.000       0.8398
 446.000       0.6872
 447.000       0.6156
 448.000       0.5314
 449.000       0.4817
 450.000       0.4690
 451.000       0.4715
 452.000       0.5169
 453.000       0.5075
 454.000       0.5594
 455.000       0.5292
 456.000       0.6200
 457.000       0.7901
 458.000       0.8246
 459.000       0.7100
 460.000       0.7710
 461.000       0.6209
 462.000       0.5761
 463.000       0.5480
 464.000       0.5605
 465.000       0.5530
 466.000       0.5016
 467.000       0.5014
 468.000       0.5252
 469.000       0.4961
 470.000       0.5050
 471.000       0.5536
 472.000       0.5327
 473.000       0.5075
 474.000       0.5562
 475.000       0.6200
 476.000       0.6526
 477.000       0.6689
 478.000       0.7371
 479.000       0.8529
 480.000       0.9653
 481.000       1.0728
 482.000       1.3008
 483.000       1.7777
 484.000       2.0860
 485.000       2.7807
 486.000       3.8081
 487.000       5.1456
 488.000       6.9119
