#Res        AtomicFlx
   1.000       1.2002
   2.000       1.0156
   3.000       0.8381
   4.000       0.7332
   5.000       0.6076
   6.000       0.5246
   7.000       0.5005
   8.000       0.5438
   9.000       0.6518
  10.000       0.7326
  11.000       0.8199
  12.000       0.6433
  13.000       0.5630
  14.000       0.5497
  15.000       0.6086
  16.000       0.6235
  17.000       0.5813
  18.000       0.6466
  19.000       0.7585
  20.000       0.7651
  21.000       0.7458
  22.000       0.8775
  23.000       1.0210
  24.000       1.0554
  25.000       1.1308
  26.000       1.0652
  27.000       1.0319
  28.000       0.8677
  29.000       0.7200
  30.000       0.6259
  31.000       0.6255
  32.000       0.6146
  33.000       0.6580
  34.000       0.7291
  35.000       0.8234
  36.000       1.0047
  37.000       0.9668
  38.000       0.9072
  39.000       0.9682
  40.000       0.7859
  41.000       0.7681
  42.000       0.7252
  43.000       0.7392
  44.000       0.8338
  45.000       0.8650
  46.000       0.9105
  47.000       0.9012
  48.000       1.0664
  49.000       1.2825
  50.000       0.9409
  51.000       0.8829
  52.000       0.7844
  53.000       0.7142
  54.000       0.5830
  55.000       0.6364
  56.000       0.9728
  57.000       1.1440
  58.000       1.1251
  59.000       1.0643
  60.000       1.2089
  61.000       1.3202
  62.000       1.2860
  63.000       1.5025
  64.000       1.3212
  65.000       1.0084
  66.000       0.9559
  67.000       0.7972
  68.000       0.7865
  69.000       0.9024
  70.000       0.8935
  71.000       0.8296
  72.000       0.9519
  73.000       1.1104
  74.000       1.0923
  75.000       1.0907
  76.000       0.9579
  77.000       0.9918
  78.000       1.1802
  79.000       1.3601
  80.000       1.8256
  81.000       2.5741
  82.000       3.3498
  83.000       3.7369
  84.000       4.0672
  85.000       3.8286
  86.000       4.1557
  87.000       3.6348
  88.000       2.6609
  89.000       2.4900
  90.000       2.0304
  91.000       1.3189
  92.000       1.4567
  93.000       1.3746
  94.000       1.8993
  95.000       1.7903
  96.000       1.5721
  97.000       0.9207
  98.000       0.7045
  99.000       0.6583
 100.000       0.6210
 101.000       0.5828
 102.000       0.5697
 103.000       0.6702
 104.000       0.7677
 105.000       0.8711
 106.000       0.7977
 107.000       0.7706
 108.000       0.7568
 109.000       0.7215
 110.000       0.8111
 111.000       0.8514
 112.000       0.8576
 113.000       0.7637
 114.000       0.6873
 115.000       0.6808
 116.000       0.7271
 117.000       0.6549
 118.000       0.6329
 119.000       0.6920
 120.000       0.6953
 121.000       0.6637
 122.000       0.7163
 123.000       0.7679
 124.000       0.7569
 125.000       0.7729
 126.000       0.9070
 127.000       0.9705
 128.000       0.9514
 129.000       1.0778
 130.000       1.3168
 131.000       1.4383
 132.000       1.4684
 133.000       1.7507
 134.000       2.0702
 135.000       2.2821
 136.000       2.5666
 137.000       2.7036
 138.000       2.7150
 139.000       2.4287
 140.000       2.2790
 141.000       2.1243
 142.000       1.7120
 143.000       1.5020
 144.000       1.2619
 145.000       0.9659
 146.000       0.8440
 147.000       0.8104
 148.000       0.8325
 149.000       0.8198
 150.000       0.7338
 151.000       0.7729
 152.000       0.8813
 153.000       0.8411
 154.000       0.7398
 155.000       0.7932
 156.000       0.9186
 157.000       0.8712
 158.000       0.8299
 159.000       1.0116
 160.000       1.1292
 161.000       1.1147
 162.000       1.3978
 163.000       1.3484
 164.000       1.1162
 165.000       1.1093
 166.000       1.0526
 167.000       0.9638
 168.000       0.8562
 169.000       0.7957
 170.000       0.7519
 171.000       0.6731
 172.000       0.6195
 173.000       0.6261
 174.000       0.5878
 175.000       0.5277
 176.000       0.5566
 177.000       0.6075
 178.000       0.5383
 179.000       0.5388
 180.000       0.5451
 181.000       0.5384
 182.000       0.5301
 183.000       0.5918
 184.000       0.5970
 185.000       0.6876
 186.000       0.7335
 187.000       0.8694
 188.000       0.7941
 189.000       0.8798
 190.000       1.0501
 191.000       1.0998
 192.000       0.9271
 193.000       1.1722
 194.000       1.4183
 195.000       1.1389
 196.000       0.8473
 197.000       0.6931
 198.000       0.7049
 199.000       0.8070
 200.000       0.8085
 201.000       0.7194
 202.000       0.6483
 203.000       0.7331
 204.000       0.8681
 205.000       1.0599
 206.000       1.2454
 207.000       1.3812
 208.000       1.4374
 209.000       1.2396
 210.000       1.0668
 211.000       1.0927
 212.000       1.1331
 213.000       1.0075
 214.000       1.3841
 215.000       1.4632
 216.000       0.9850
 217.000       0.7887
 218.000       0.8427
 219.000       0.8820
 220.000       0.8219
 221.000       0.8210
 222.000       0.9380
 223.000       0.9456
 224.000       0.9083
 225.000       0.9568
 226.000       1.2004
 227.000       1.3506
 228.000       1.0742
 229.000       1.1896
 230.000       1.4072
 231.000       1.2250
 232.000       0.8853
 233.000       0.8372
 234.000       0.7989
 235.000       0.8647
 236.000       0.9113
 237.000       0.8493
 238.000       0.8248
 239.000       0.7732
 240.000       0.8759
 241.000       0.7489
 242.000       0.6749
 243.000       0.7033
 244.000       0.7677
 245.000       0.9688
 246.000       1.1995
 247.000       1.8591
 248.000       2.9799
 249.000       3.6262
 250.000       3.1732
 251.000       3.1501
 252.000       2.8471
 253.000       1.9741
 254.000       1.3355
 255.000       0.7908
 256.000       0.7142
 257.000       0.6868
 258.000       0.7719
 259.000       0.9119
 260.000       1.1627
 261.000       1.4848
 262.000       1.5188
 263.000       1.1419
 264.000       0.9932
 265.000       0.8432
 266.000       0.8868
 267.000       0.7048
 268.000       0.6803
 269.000       0.5707
 270.000       0.4731
 271.000       0.4535
 272.000       0.5100
 273.000       0.7477
 274.000       1.1139
 275.000       0.8086
 276.000       0.7394
 277.000       0.7730
 278.000       0.8342
 279.000       0.6781
 280.000       0.8251
 281.000       1.0590
 282.000       0.8605
 283.000       0.8069
 284.000       0.9483
 285.000       0.8912
 286.000       0.8133
 287.000       0.8105
 288.000       0.8420
 289.000       0.9566
 290.000       1.0837
 291.000       0.9621
 292.000       0.9816
 293.000       1.0289
 294.000       1.0063
 295.000       0.8036
 296.000       0.7715
 297.000       0.8351
 298.000       0.7768
 299.000       0.7230
 300.000       0.8059
 301.000       0.8102
 302.000       0.7544
 303.000       0.8031
 304.000       0.7934
 305.000       0.7998
 306.000       0.7377
 307.000       0.5516
 308.000       0.4746
 309.000       0.4906
 310.000       0.4961
 311.000       0.5124
 312.000       0.5183
 313.000       0.5613
 314.000       0.6633
 315.000       0.8236
 316.000       0.8749
 317.000       0.8444
 318.000       0.7898
 319.000       0.8073
 320.000       1.0076
 321.000       1.1743
 322.000       0.9575
 323.000       0.7316
 324.000       0.5942
 325.000       0.5711
 326.000       0.5776
 327.000       0.5256
 328.000       0.5164
 329.000       0.5326
 330.000       0.5760
 331.000       0.6777
 332.000       0.8298
 333.000       0.7491
 334.000       0.8613
 335.000       0.9690
 336.000       0.8754
 337.000       0.8066
 338.000       0.7761
 339.000       0.8291
 340.000       0.7512
 341.000       0.7871
 342.000       0.9372
 343.000       0.9827
 344.000       0.9843
 345.000       0.7634
 346.000       0.6626
 347.000       0.5868
 348.000       0.5103
 349.000       0.4763
 350.000       0.4735
 351.000       0.4828
 352.000       0.5501
 353.000       0.5210
 354.000       0.5156
 355.000       0.5629
 356.000       0.7318
 357.000       1.1229
 358.000       1.2353
 359.000       1.1905
 360.000       1.2055
 361.000       1.0376
 362.000       0.8333
 363.000       0.7524
 364.000       0.6335
 365.000       0.5688
 366.000       0.5136
 367.000       0.5338
 368.000       0.5455
 369.000       0.5093
 370.000       0.4982
 371.000       0.5462
 372.000       0.6701
 373.000       0.7187
 374.000       0.6262
 375.000       0.6108
 376.000       0.6870
 377.000       0.7163
 378.000       0.6783
 379.000       0.7096
 380.000       0.7763
 381.000       0.7334
 382.000       0.7564
 383.000       0.7607
 384.000       0.8082
 385.000       0.7313
 386.000       0.6542
 387.000       0.6618
 388.000       0.6513
 389.000       0.5877
 390.000       0.5687
 391.000       0.6093
 392.000       0.6225
 393.000       0.5881
 394.000       0.5983
 395.000       0.6884
 396.000       0.6865
 397.000       0.6018
 398.000       0.7144
 399.000       0.8516
 400.000       0.9430
 401.000       1.0046
 402.000       1.0475
 403.000       0.8979
 404.000       0.8904
 405.000       0.7727
 406.000       0.6732
 407.000       0.7051
 408.000       0.6391
 409.000       0.6196
 410.000       0.5729
 411.000       0.5288
 412.000       0.5235
 413.000       0.5912
 414.000       0.6130
 415.000       0.6706
 416.000       0.7065
 417.000       0.6116
 418.000       0.6590
 419.000       0.6265
 420.000       0.6068
 421.000       0.6040
 422.000       0.6494
 423.000       0.6016
 424.000       0.6051
 425.000       0.6957
 426.000       0.7939
 427.000       0.8785
 428.000       1.2170
 429.000       1.2486
 430.000       1.2712
 431.000       1.1584
 432.000       1.1984
 433.000       1.0788
 434.000       0.9728
 435.000       0.8033
 436.000       0.7202
 437.000       0.7972
 438.000       0.7845
 439.000       0.6816
 440.000       0.6503
 441.000       0.6826
 442.000       0.6466
 443.000       0.6905
 444.000       0.8489
 445.000       0.9136
 446.000       0.7482
 447.000       0.6504
 448.000       0.5375
 449.000       0.4925
 450.000       0.5017
 451.000       0.5274
 452.000       0.5483
 453.000       0.5891
 454.000       0.6270
 455.000       0.6072
 456.000       0.6671
 457.000       0.8879
 458.000       0.8365
 459.000       0.6844
 460.000       0.6616
 461.000       0.6127
 462.000       0.5704
 463.000       0.5604
 464.000       0.6043
 465.000       0.6074
 466.000       0.5804
 467.000       0.5941
 468.000       0.5997
 469.000       0.5695
 470.000       0.5886
 471.000       0.6227
 472.000       0.6041
 473.000       0.5722
 474.000       0.6291
 475.000       0.7126
 476.000       0.7312
 477.000       0.7366
 478.000       0.8187
 479.000       0.9264
 480.000       0.9918
 481.000       1.1656
 482.000       1.5987
 483.000       2.0080
 484.000       2.6438
 485.000       3.2576
 486.000       3.9963
 487.000       5.0376
 488.000       6.7964
