#Res        AtomicFlx
   1.000       1.4125
   2.000       1.0625
   3.000       0.8333
   4.000       0.7119
   5.000       0.5987
   6.000       0.5142
   7.000       0.4764
   8.000       0.4665
   9.000       0.4951
  10.000       0.5277
  11.000       0.5532
  12.000       0.5373
  13.000       0.5109
  14.000       0.4816
  15.000       0.4947
  16.000       0.5444
  17.000       0.5341
  18.000       0.5496
  19.000       0.6243
  20.000       0.6738
  21.000       0.6572
  22.000       0.7306
  23.000       0.8596
  24.000       0.9159
  25.000       1.0019
  26.000       0.8689
  27.000       0.9698
  28.000       0.7885
  29.000       0.6817
  30.000       0.5997
  31.000       0.5547
  32.000       0.5211
  33.000       0.5573
  34.000       0.6421
  35.000       0.6981
  36.000       0.8006
  37.000       0.7955
  38.000       0.8613
  39.000       1.2427
  40.000       0.7596
  41.000       0.6626
  42.000       0.7959
  43.000       0.7542
  44.000       0.5899
  45.000       0.5939
  46.000       0.6825
  47.000       0.7306
  48.000       0.8967
  49.000       1.0455
  50.000       0.7057
  51.000       0.5946
  52.000       0.5569
  53.000       0.5852
  54.000       0.6230
  55.000       0.7405
  56.000       0.8658
  57.000       0.9357
  58.000       0.9738
  59.000       0.8672
  60.000       0.8624
  61.000       1.0617
  62.000       1.0272
  63.000       1.1967
  64.000       1.4478
  65.000       1.2062
  66.000       1.1176
  67.000       0.9972
  68.000       0.8833
  69.000       0.9241
  70.000       0.9160
  71.000       0.8692
  72.000       0.9318
  73.000       1.0578
  74.000       1.0831
  75.000       1.0542
  76.000       0.8752
  77.000       0.8700
  78.000       0.9454
  79.000       1.0299
  80.000       1.1043
  81.000       1.3576
  82.000       1.4406
  83.000       1.4398
  84.000       1.2664
  85.000       1.1956
  86.000       1.3361
  87.000       1.2243
  88.000       1.0787
  89.000       1.1800
  90.000       1.2779
  91.000       1.4206
  92.000       1.4516
  93.000       1.3774
  94.000       1.2021
  95.000       1.3428
  96.000       1.4202
  97.000       1.0061
  98.000       0.7548
  99.000       0.6641
 100.000       0.6138
 101.000       0.5776
 102.000       0.5574
 103.000       0.6303
 104.000       0.8066
 105.000       0.9708
 106.000       0.8749
 107.000       0.8438
 108.000       0.8039
 109.000       0.7507
 110.000       0.8470
 111.000       0.8761
 112.000       0.9673
 113.000       0.8813
 114.000       0.7551
 115.000       0.7662
 116.000       0.8189
 117.000       0.7349
 118.000       0.7319
 119.000       0.8471
 120.000       0.8412
 121.000       0.7688
 122.000       0.8727
 123.000       1.0053
 124.000       0.9632
 125.000       0.9364
 126.000       1.1302
 127.000       1.2287
 128.000       1.1614
 129.000       1.2843
 130.000       1.7189
 131.000       1.9089
 132.000       1.8487
 133.000       2.0932
 134.000       2.5446
 135.000       3.6786
 136.000       4.1540
 137.000       4.7135
 138.000       4.7274
 139.000       3.6204
 140.000       2.5137
 141.000       1.5930
 142.000       1.7307
 143.000       1.8433
 144.000       1.5472
 145.000       1.2228
 146.000       1.1304
 147.000       1.0258
 148.000       1.0718
 149.000       1.1033
 150.000       0.9894
 151.000       0.9768
 152.000       1.1027
 153.000       1.0769
 154.000       0.9575
 155.000       1.0374
 156.000       1.2350
 157.000       1.1772
 158.000       1.1014
 159.000       1.2634
 160.000       1.4731
 161.000       1.4638
 162.000       1.7928
 163.000       1.7447
 164.000       1.4725
 165.000       1.4403
 166.000       1.3045
 167.000       1.1639
 168.000       1.0910
 169.000       0.9972
 170.000       0.8753
 171.000       0.7528
 172.000       0.7077
 173.000       0.7227
 174.000       0.6337
 175.000       0.5515
 176.000       0.6127
 177.000       0.7236
 178.000       0.5624
 179.000       0.5481
 180.000       0.5630
 181.000       0.5198
 182.000       0.5500
 183.000       0.7122
 184.000       0.6680
 185.000       0.7058
 186.000       0.9818
 187.000       1.9273
 188.000       1.9628
 189.000       1.9121
 190.000       1.2235
 191.000       0.8994
 192.000       0.8037
 193.000       0.8118
 194.000       0.8209
 195.000       0.8295
 196.000       0.8011
 197.000       0.7482
 198.000       0.7607
 199.000       0.9108
 200.000       0.9138
 201.000       0.7743
 202.000       0.7709
 203.000       0.8127
 204.000       0.8245
 205.000       1.6743
 206.000       1.4376
 207.000       1.4692
 208.000       1.3266
 209.000       1.2695
 210.000       0.8889
 211.000       1.0227
 212.000       0.9071
 213.000       0.7639
 214.000       0.9788
 215.000       0.9110
 216.000       0.6229
 217.000       0.6468
 218.000       0.8338
 219.000       0.8659
 220.000       0.7728
 221.000       0.7576
 222.000       0.8811
 223.000       0.8724
 224.000       0.7906
 225.000       0.8116
 226.000       1.0206
 227.000       1.1102
 228.000       0.8100
 229.000       0.8840
 230.000       1.0884
 231.000       1.0099
 232.000       0.7680
 233.000       0.7221
 234.000       0.6642
 235.000       0.7086
 236.000       0.7540
 237.000       0.7279
 238.000       0.7123
 239.000       0.6707
 240.000       0.7436
 241.000       0.6684
 242.000       0.6272
 243.000       0.6748
 244.000       0.7752
 245.000       0.9780
 246.000       1.1991
 247.000       1.8621
 248.000       2.8985
 249.000       3.3513
 250.000       2.4714
 251.000       2.5015
 252.000       2.0876
 253.000       1.6762
 254.000       1.1311
 255.000       0.7171
 256.000       0.6789
 257.000       0.6532
 258.000       0.7040
 259.000       0.7815
 260.000       0.9917
 261.000       1.3362
 262.000       1.3749
 263.000       0.9823
 264.000       0.8801
 265.000       0.7673
 266.000       0.7900
 267.000       0.6773
 268.000       0.6685
 269.000       0.5681
 270.000       0.5006
 271.000       0.4705
 272.000       0.4901
 273.000       0.5235
 274.000       1.0407
 275.000       0.8515
 276.000       0.7859
 277.000       0.7471
 278.000       0.7736
 279.000       0.7127
 280.000       0.7548
 281.000       0.9497
 282.000       0.8712
 283.000       0.7781
 284.000       0.8640
 285.000       0.7917
 286.000       0.6937
 287.000       0.6933
 288.000       0.7385
 289.000       0.8154
 290.000       0.8360
 291.000       0.7584
 292.000       0.8149
 293.000       0.8943
 294.000       0.8951
 295.000       0.7280
 296.000       0.7061
 297.000       0.7719
 298.000       0.7244
 299.000       0.6889
 300.000       0.7764
 301.000       0.7677
 302.000       0.7391
 303.000       0.8326
 304.000       0.8107
 305.000       0.8115
 306.000       0.7957
 307.000       0.6278
 308.000       0.5696
 309.000       0.5316
 310.000       0.5202
 311.000       0.5054
 312.000       0.5015
 313.000       0.5400
 314.000       0.6407
 315.000       0.8142
 316.000       0.8312
 317.000       0.7688
 318.000       0.7310
 319.000       0.8235
 320.000       1.1074
 321.000       1.3264
 322.000       1.1151
 323.000       0.7891
 324.000       0.6411
 325.000       0.5506
 326.000       0.5021
 327.000       0.4836
 328.000       0.5050
 329.000       0.5845
 330.000       0.6085
 331.000       0.6533
 332.000       0.7982
 333.000       0.8064
 334.000       0.8287
 335.000       0.9879
 336.000       0.9021
 337.000       0.9185
 338.000       0.8994
 339.000       1.0381
 340.000       0.9155
 341.000       0.9279
 342.000       1.0529
 343.000       1.0475
 344.000       1.0252
 345.000       0.7730
 346.000       0.6638
 347.000       0.5947
 348.000       0.5437
 349.000       0.5184
 350.000       0.5098
 351.000       0.4892
 352.000       0.5261
 353.000       0.4922
 354.000       0.5094
 355.000       0.5269
 356.000       0.6103
 357.000       0.7448
 358.000       0.8337
 359.000       0.8483
 360.000       0.8999
 361.000       0.8083
 362.000       0.7257
 363.000       0.7101
 364.000       0.6011
 365.000       0.5383
 366.000       0.4956
 367.000       0.4956
 368.000       0.5607
 369.000       0.5608
 370.000       0.5806
 371.000       0.6234
 372.000       0.7021
 373.000       0.7484
 374.000       0.6276
 375.000       0.6119
 376.000       0.6989
 377.000       0.6939
 378.000       0.6441
 379.000       0.7241
 380.000       0.7998
 381.000       0.7349
 382.000       0.7495
 383.000       0.7320
 384.000       0.7856
 385.000       0.7185
 386.000       0.6437
 387.000       0.6497
 388.000       0.6336
 389.000       0.6063
 390.000       0.5843
 391.000       0.5969
 392.000       0.6354
 393.000       0.5963
 394.000       0.5949
 395.000       0.6471
 396.000       0.6434
 397.000       0.6164
 398.000       0.7348
 399.000       0.8364
 400.000       0.9105
 401.000       0.9754
 402.000       0.9986
 403.000       0.8245
 404.000       0.7953
 405.000       0.6941
 406.000       0.6200
 407.000       0.6631
 408.000       0.6199
 409.000       0.6202
 410.000       0.5942
 411.000       0.5846
 412.000       0.5995
 413.000       0.6517
 414.000       0.6553
 415.000       0.7257
 416.000       0.7503
 417.000       0.6744
 418.000       0.7815
 419.000       0.7086
 420.000       0.6877
 421.000       0.7445
 422.000       0.7720
 423.000       0.7650
 424.000       0.7683
 425.000       0.8051
 426.000       1.0000
 427.000       1.2687
 428.000       1.3487
 429.000       1.5478
 430.000       1.8628
 431.000       1.5713
 432.000       1.2683
 433.000       1.0047
 434.000       0.9050
 435.000       0.7357
 436.000       0.6835
 437.000       0.7270
 438.000       0.7079
 439.000       0.6338
 440.000       0.6183
 441.000       0.6510
 442.000       0.6425
 443.000       0.6753
 444.000       0.8016
 445.000       0.8410
 446.000       0.7137
 447.000       0.6299
 448.000       0.5484
 449.000       0.5192
 450.000       0.5307
 451.000       0.5324
 452.000       0.5395
 453.000       0.6900
 454.000       0.6913
 455.000       0.6568
 456.000       0.7187
 457.000       0.8196
 458.000       0.8953
 459.000       0.8353
 460.000       0.8988
 461.000       0.8478
 462.000       0.6856
 463.000       0.6049
 464.000       0.7030
 465.000       0.7184
 466.000       0.6081
 467.000       0.5982
 468.000       0.6424
 469.000       0.6088
 470.000       0.6011
 471.000       0.6589
 472.000       0.6706
 473.000       0.6204
 474.000       0.6521
 475.000       0.7552
 476.000       0.7707
 477.000       0.7562
 478.000       0.8316
 479.000       0.9538
 480.000       1.0436
 481.000       1.1273
 482.000       1.3244
 483.000       1.7217
 484.000       1.9137
 485.000       2.2784
 486.000       3.7726
 487.000       6.1374
 488.000       8.2262
